stateNo   t=0     t=1     t=2     t=3
1                          0       0
2                          0       1
3                          0           
4                          0
5
6                          0
7                          0       0
8                          0       0
9                          0       0
10                         0       0
11                0        0       0
12                         0       0
13                         0       0
14                         0       0
15                         0       0
16                         0       0
17                       
18
19
20
21
22                         0       0   
23
24        0
25
26
27
28                         1       1
29                         1       1
30                         1       1
31                         1       1
32                         1       1
33
34
35                         0       0
36                         0       0
37                         0       0
38                         0       0
39                         0       0
40                         0       0
41                         1       1
42                         0       0
43                         1       1
44                         0       0
45                         1       1
46                         0       0
47                         1       0
48                         0       0
49                         0       0     
50                         0       0
51                         0       0
52                         0       0
53                         0       0 
54                         0       0
55                         1       1
56                         0       0
57                         0       0
58                         1       1
59                         0       0
60                         0       0
61                         0       0
63                         0       0
64                         1       0
